0, 0, 55, 1.2689878940582275
1, 0, 135, 1.7735114097595215
2, 0, 256, 2.047253131866455
3, 0, 227, 2.321046829223633
4, 0, 547, 2.6062912940979004
5, 0, 624, 2.879319906234741
6, 0, 530, 3.125061511993408
7, 0, 189, 3.3989603519439697
8, 0, 492, 3.7489280700683594
9, 0, 269, 4.048312425613403
10, 0, 502, 4.32872200012207
11, 0, 182, 4.6022162437438965
12, 0, 181, 4.85463547706604
13, 0, 430, 5.170560598373413
14, 0, 487, 5.460273742675781
15, 0, 698, 5.784456968307495
16, 0, 364, 6.082650184631348
17, 0, 245, 6.369124174118042
18, 0, 123, 6.633630275726318
19, 0, 184, 6.869791507720947
20, 0, 179, 7.171840667724609
21, 0, 262, 7.435149192810059
22, 0, 208, 7.667985677719116
23, 0, 172, 7.889094352722168
24, 0, 356, 8.132184028625488
25, 0, 223, 8.371058225631714
26, 0, 173, 8.597259521484375
27, 0, 129, 8.822320222854614
28, 0, 138, 9.045637607574463
29, 0, 481, 9.335715055465698
30, 0, 218, 9.58456015586853
31, 0, 173, 9.880139827728271
32, 0, 160, 10.11176872253418
33, 0, 145, 10.34278392791748
34, 0, 488, 10.610215902328491
35, 0, 286, 10.860559463500977
36, 0, 206, 11.110533475875854
37, 0, 219, 11.36507797241211
38, 0, 280, 11.619755983352661
39, 0, 210, 11.868261337280273
40, 0, 401, 12.145326375961304
41, 0, 224, 12.398940563201904
42, 0, 292, 12.710623264312744
43, 0, 217, 12.933717012405396
44, 0, 108, 13.153470039367676
45, 0, 153, 13.381603002548218
46, 0, 291, 13.628316164016724
47, 0, 158, 13.856853485107422
48, 0, 130, 14.075384855270386
49, 0, 119, 14.303069829940796
50, 0, 138, 14.533077239990234
51, 0, 612, 14.787387609481812
52, 0, 225, 15.102159023284912
53, 0, 146, 15.336984872817993
54, 0, 491, 15.585087060928345
55, 0, 253, 15.819628477096558
56, 0, 290, 16.054701805114746
57, 0, 202, 16.29310441017151
58, 0, 270, 16.55449414253235
59, 0, 269, 16.793278455734253
60, 0, 318, 17.032245874404907
61, 0, 292, 17.27933645248413
62, 0, 210, 17.515418767929077
63, 0, 574, 17.854642629623413
64, 0, 245, 18.09765124320984
65, 0, 227, 18.33554768562317
66, 0, 331, 18.57684016227722
67, 0, 256, 18.841150283813477
68, 0, 353, 19.104613780975342
69, 0, 256, 19.352983951568604
70, 0, 459, 19.60960054397583
71, 0, 131, 19.853195428848267
72, 0, 190, 20.115638971328735
73, 0, 328, 20.38571047782898
74, 0, 238, 20.640820741653442
75, 0, 240, 20.969812631607056
76, 0, 479, 21.25488543510437
77, 0, 207, 21.523128747940063
78, 0, 147, 21.774118185043335
79, 0, 637, 22.04440212249756
80, 0, 529, 22.314873695373535
81, 0, 729, 22.582731008529663
82, 0, 184, 22.83220934867859
83, 0, 654, 23.103337287902832
84, 0, 265, 23.342050313949585
85, 0, 179, 23.564439058303833
86, 0, 293, 23.85261106491089
87, 0, 243, 24.086731672286987
88, 0, 199, 24.3372745513916
89, 0, 140, 24.5532283782959
90, 0, 149, 24.78210759162903
91, 0, 330, 25.01683211326599
92, 0, 355, 25.257407188415527
93, 0, 192, 25.513279914855957
94, 0, 347, 25.749722957611084
95, 0, 221, 25.982502222061157
96, 0, 226, 26.281797885894775
97, 0, 234, 26.528563976287842
98, 0, 354, 26.76942276954651
99, 0, 143, 26.998292922973633
100, 0, 229, 28.35795521736145
101, 0, 160, 28.653434991836548
102, 0, 411, 28.91385793685913
103, 0, 330, 29.189029216766357
104, 0, 496, 29.46790099143982
105, 0, 142, 29.70676612854004
106, 0, 227, 29.94110870361328
107, 0, 286, 30.263503074645996
108, 0, 267, 30.52934455871582
109, 0, 211, 30.76868486404419
110, 0, 130, 30.99594736099243
111, 0, 515, 31.259256601333618
112, 0, 359, 31.501107692718506
113, 0, 1014, 31.78158664703369
114, 0, 409, 32.04474210739136
115, 0, 149, 32.28836369514465
116, 0, 409, 32.53580975532532
117, 0, 221, 32.779842138290405
118, 0, 731, 33.12883758544922
119, 0, 158, 33.37337327003479
120, 0, 211, 33.62778306007385
121, 0, 338, 33.87398076057434
122, 0, 158, 34.11867809295654
123, 0, 160, 34.35575604438782
124, 0, 224, 34.6029052734375
125, 0, 117, 34.840009689331055
126, 0, 480, 35.1024215221405
127, 0, 203, 35.34972834587097
128, 0, 187, 35.61040282249451
129, 0, 124, 35.854037284851074
130, 0, 337, 36.169318437576294
131, 0, 226, 36.42437481880188
132, 0, 286, 36.682049036026
133, 0, 413, 36.934510231018066
134, 0, 543, 37.20351696014404
135, 0, 295, 37.460588693618774
136, 0, 399, 37.72615933418274
137, 0, 557, 38.00591206550598
138, 0, 246, 38.27334022521973
139, 0, 155, 38.54055643081665
140, 0, 377, 38.8557767868042
141, 0, 196, 39.10155963897705
142, 0, 129, 39.353567123413086
143, 0, 139, 39.590139865875244
144, 0, 350, 39.85461497306824
145, 0, 319, 40.114388942718506
146, 0, 543, 40.40055823326111
147, 0, 473, 40.67132258415222
148, 0, 604, 40.943068981170654
149, 0, 201, 41.208067655563354
150, 0, 457, 41.463382720947266
151, 0, 190, 41.717687129974365
152, 0, 204, 42.02160596847534
153, 0, 472, 42.311689376831055
154, 0, 257, 42.598196506500244
155, 0, 239, 42.86673378944397
156, 0, 426, 43.14135956764221
157, 0, 574, 43.41742658615112
158, 0, 261, 43.69383525848389
159, 0, 199, 43.968530893325806
160, 0, 175, 44.22531986236572
161, 0, 479, 44.50741624832153
162, 0, 290, 44.84845805168152
163, 0, 260, 45.13080286979675
164, 0, 241, 45.38828372955322
165, 0, 443, 45.66031527519226
166, 0, 139, 45.90952730178833
167, 0, 357, 46.16345167160034
168, 0, 265, 46.43941807746887
169, 0, 465, 46.71008491516113
170, 0, 341, 46.991268157958984
171, 0, 641, 47.27145957946777
172, 0, 356, 47.52623391151428
173, 0, 260, 47.85414910316467
174, 0, 96, 48.12012577056885
175, 0, 661, 48.421608686447144
176, 0, 220, 48.67941188812256
177, 0, 628, 49.01858925819397
178, 0, 238, 49.29137182235718
179, 0, 545, 49.5732262134552
180, 0, 210, 49.82924294471741
181, 0, 170, 50.08790993690491
182, 0, 437, 50.36048913002014
183, 0, 673, 50.66156053543091
184, 0, 244, 50.92009139060974
185, 0, 295, 51.252593755722046
186, 0, 1199, 51.58771777153015
187, 0, 431, 51.86959147453308
188, 0, 317, 52.14052200317383
189, 0, 247, 52.40234351158142
190, 0, 434, 52.70462775230408
191, 0, 277, 52.992697954177856
192, 0, 158, 53.258572578430176
193, 0, 324, 53.53502058982849
194, 0, 426, 53.8219473361969
195, 0, 319, 54.161980390548706
196, 0, 194, 54.42658758163452
197, 0, 457, 54.720996618270874
198, 0, 175, 54.995558738708496
199, 0, 950, 55.327311754226685
200, 0, 180, 56.694653272628784
201, 0, 192, 57.030245542526245
202, 0, 291, 57.32174038887024
203, 0, 155, 57.591535329818726
204, 0, 183, 57.8992018699646
205, 0, 330, 58.18727445602417
206, 0, 397, 58.51393413543701
207, 0, 181, 58.767903566360474
208, 0, 379, 59.015960931777954
209, 0, 491, 59.28636884689331
210, 0, 122, 59.54822778701782
211, 0, 460, 59.79429912567139
212, 0, 280, 60.04765009880066
213, 0, 496, 60.32338762283325
214, 0, 150, 60.580878019332886
215, 0, 242, 60.823819398880005
216, 0, 171, 61.06465744972229
217, 0, 466, 61.377928733825684
218, 0, 634, 61.64354491233826
219, 0, 143, 61.89824032783508
220, 0, 447, 62.16041660308838
221, 0, 549, 62.412988901138306
222, 0, 340, 62.66784167289734
223, 0, 191, 62.921507120132446
224, 0, 186, 63.16929531097412
225, 0, 906, 63.44533562660217
226, 0, 341, 63.745381355285645
227, 0, 700, 64.025306224823
228, 0, 257, 64.34661817550659
229, 0, 170, 64.61273217201233
230, 0, 189, 64.86822152137756
231, 0, 503, 65.2025465965271
232, 0, 324, 65.49212670326233
233, 0, 293, 65.77056741714478
234, 0, 215, 66.02720093727112
235, 0, 192, 66.28464579582214
236, 0, 288, 66.53602528572083
237, 0, 168, 66.78270769119263
238, 0, 217, 67.03815031051636
239, 0, 434, 67.36141157150269
240, 0, 221, 67.618159532547
241, 0, 226, 67.9011402130127
242, 0, 363, 68.17037224769592
243, 0, 172, 68.43414640426636
244, 0, 226, 68.69525933265686
245, 0, 188, 68.9566867351532
246, 0, 1053, 69.25093269348145
247, 0, 141, 69.52490472793579
248, 0, 646, 69.82381987571716
249, 0, 289, 70.09763264656067
250, 0, 414, 70.43669152259827
251, 0, 148, 70.68664622306824
252, 0, 380, 70.97274851799011
253, 0, 325, 71.23360085487366
254, 0, 125, 71.48222327232361
255, 0, 353, 71.73511123657227
256, 0, 148, 71.99127507209778
257, 0, 248, 72.24800610542297
258, 0, 675, 72.5199408531189
259, 0, 416, 72.79788041114807
260, 0, 302, 73.06111168861389
261, 0, 223, 73.38834190368652
262, 0, 415, 73.64377427101135
263, 0, 270, 73.91484880447388
264, 0, 211, 74.1767897605896
265, 0, 195, 74.43382906913757
266, 0, 335, 74.69432473182678
267, 0, 322, 74.9599084854126
268, 0, 408, 75.23421454429626
269, 0, 364, 75.50162506103516
270, 0, 114, 75.78162693977356
271, 0, 307, 76.05021786689758
272, 0, 459, 76.41314888000488
273, 0, 358, 76.69837880134583
274, 0, 128, 76.94603896141052
275, 0, 254, 77.21314024925232
276, 0, 629, 77.51561236381531
277, 0, 291, 77.82537388801575
278, 0, 241, 78.0834813117981
279, 0, 353, 78.3398368358612
280, 0, 247, 78.6089220046997
281, 0, 218, 78.86306071281433
282, 0, 453, 79.11917662620544
283, 0, 206, 79.45872759819031
284, 0, 128, 79.71105408668518
285, 0, 567, 79.97815704345703
286, 0, 99, 80.22740769386292
287, 0, 435, 80.48828220367432
288, 0, 764, 80.77614045143127
289, 0, 298, 81.05800652503967
290, 0, 622, 81.3380057811737
291, 0, 507, 81.62648582458496
292, 0, 229, 81.88919115066528
293, 0, 380, 82.1559226512909
294, 0, 369, 82.48692488670349
295, 0, 141, 82.74723410606384
296, 0, 202, 83.01547169685364
297, 0, 276, 83.28659439086914
298, 0, 972, 83.64497900009155
299, 0, 173, 83.92186069488525
300, 0, 289, 85.84848308563232
301, 0, 351, 86.190349817276
302, 0, 270, 86.48184609413147
303, 0, 460, 86.80425763130188
304, 0, 541, 87.09617209434509
305, 0, 280, 87.43657898902893
306, 0, 280, 87.69837164878845
307, 0, 144, 87.9548749923706
308, 0, 877, 88.37855362892151
309, 0, 419, 88.6943690776825
310, 0, 271, 88.97610664367676
311, 0, 457, 89.27748560905457
312, 0, 510, 89.5980474948883
313, 0, 366, 89.91989374160767
314, 0, 464, 90.28115224838257
315, 0, 171, 90.64149904251099
316, 0, 338, 90.96081948280334
317, 0, 640, 91.3108127117157
318, 0, 307, 91.62199854850769
319, 0, 436, 91.95689105987549
320, 0, 605, 92.24983954429626
321, 0, 295, 92.5338397026062
322, 0, 226, 92.8141577243805
323, 0, 221, 93.06811141967773
324, 0, 198, 93.34118413925171
325, 0, 188, 93.60257840156555
326, 0, 244, 93.92074656486511
327, 0, 389, 94.19580602645874
328, 0, 294, 94.46120882034302
329, 0, 379, 94.72920322418213
330, 0, 281, 94.99550724029541
331, 0, 214, 95.26652836799622
332, 0, 149, 95.52096962928772
333, 0, 338, 95.78568768501282
334, 0, 197, 96.0537052154541
335, 0, 309, 96.32527208328247
336, 0, 309, 96.61941599845886
337, 0, 768, 97.07804036140442
338, 0, 185, 97.3735761642456
339, 0, 490, 97.70250678062439
340, 0, 171, 97.97464799880981
341, 0, 219, 98.25172781944275
342, 0, 478, 98.53143787384033
343, 0, 368, 98.83345818519592
344, 0, 172, 99.09993696212769
345, 0, 163, 99.39474821090698
346, 0, 438, 99.68171000480652
347, 0, 247, 99.95835375785828
348, 0, 397, 100.2957923412323
349, 0, 329, 100.56730842590332
350, 0, 331, 100.86708498001099
351, 0, 1014, 101.19893050193787
352, 0, 546, 101.49022126197815
353, 0, 181, 101.75952768325806
354, 0, 312, 102.04339599609375
355, 0, 194, 102.31926441192627
356, 0, 194, 102.59776711463928
357, 0, 405, 102.9145565032959
358, 0, 294, 103.18652868270874
359, 0, 693, 103.55851745605469
360, 0, 8, 103.92361640930176
361, 0, 265, 104.28619360923767
362, 0, 418, 104.61023902893066
363, 0, 331, 104.89787745475769
364, 0, 504, 105.20568013191223
365, 0, 225, 105.48254585266113
366, 0, 333, 105.77889323234558
367, 0, 804, 106.09796929359436
368, 0, 312, 106.40745401382446
369, 0, 574, 106.73907780647278
370, 0, 753, 107.20014524459839
371, 0, 981, 107.54248380661011
372, 0, 220, 107.82955169677734
373, 0, 220, 108.09764289855957
374, 0, 227, 108.38253164291382
375, 0, 290, 108.66986203193665
376, 0, 741, 109.0261001586914
377, 0, 416, 109.34013819694519
378, 0, 1211, 109.69926452636719
379, 0, 217, 109.99541711807251
380, 0, 375, 110.36215281486511
381, 0, 377, 110.63344955444336
382, 0, 301, 110.92772912979126
383, 0, 1130, 111.29179000854492
384, 0, 355, 111.59858846664429
385, 0, 117, 111.86556339263916
386, 0, 156, 112.15846538543701
387, 0, 645, 112.45808053016663
388, 0, 167, 112.73004460334778
389, 0, 528, 113.06429839134216
390, 0, 400, 113.37501358985901
391, 0, 192, 113.65920758247375
392, 0, 179, 114.00160050392151
393, 0, 209, 114.2944700717926
394, 0, 497, 114.63435220718384
395, 0, 577, 114.97557187080383
396, 0, 157, 115.2735276222229
397, 0, 349, 115.57164359092712
398, 0, 396, 115.87225437164307
399, 0, 362, 116.19191861152649
400, 0, 168, 117.55342960357666
401, 0, 1420, 117.9941918849945
402, 0, 142, 118.36769413948059
403, 0, 605, 118.68615508079529
404, 0, 294, 119.0032708644867
405, 0, 919, 119.33328032493591
406, 0, 178, 119.61814761161804
407, 0, 973, 119.99993681907654
408, 0, 503, 120.38718628883362
409, 0, 296, 120.69393706321716
410, 0, 399, 120.9824960231781
411, 0, 479, 121.27480459213257
412, 0, 677, 121.63900876045227
413, 0, 572, 121.98325228691101
414, 0, 413, 122.28295969963074
415, 0, 462, 122.56820750236511
416, 0, 728, 122.90135502815247
417, 0, 524, 123.26654887199402
418, 0, 448, 123.61250758171082
419, 0, 496, 123.94504857063293
420, 0, 536, 124.26748061180115
421, 0, 153, 124.63968753814697
422, 0, 742, 124.99165987968445
423, 0, 676, 125.35266160964966
424, 0, 375, 125.80843997001648
425, 0, 785, 126.15338706970215
426, 0, 276, 126.45753288269043
427, 0, 316, 126.73956823348999
428, 0, 137, 127.00076055526733
429, 0, 299, 127.27554869651794
430, 0, 629, 127.57937431335449
431, 0, 220, 127.8370053768158
432, 0, 543, 128.15546941757202
433, 0, 479, 128.50311136245728
434, 0, 769, 128.833105802536
435, 0, 320, 129.12613344192505
436, 0, 704, 129.52133703231812
437, 0, 386, 129.83929133415222
438, 0, 255, 130.16843843460083
439, 0, 665, 130.48252534866333
440, 0, 379, 130.7698495388031
441, 0, 758, 131.08928680419922
442, 0, 251, 131.3610851764679
443, 0, 653, 131.73361539840698
444, 0, 173, 132.00379920005798
445, 0, 191, 132.28174805641174
446, 0, 541, 132.5683090686798
447, 0, 147, 132.83568596839905
448, 0, 858, 133.1577455997467
449, 0, 235, 133.44584774971008
450, 0, 233, 133.73014283180237
451, 0, 693, 134.063472032547
452, 0, 459, 134.35705661773682
453, 0, 476, 134.63867568969727
454, 0, 656, 134.9703230857849
455, 0, 355, 135.2695107460022
456, 0, 540, 135.57292652130127
457, 0, 497, 135.88540649414062
458, 0, 233, 136.1856164932251
459, 0, 244, 136.496515750885
460, 0, 590, 136.80306553840637
461, 0, 403, 137.1287398338318
462, 0, 481, 137.4406259059906
463, 0, 366, 137.70450496673584
464, 0, 229, 138.04338550567627
465, 0, 446, 138.38368701934814
466, 0, 63, 138.660790681839
467, 0, 166, 138.92139530181885
468, 0, 420, 139.24874258041382
469, 0, 247, 139.55103993415833
470, 0, 420, 139.85583519935608
471, 0, 186, 140.12562894821167
472, 0, 109, 140.39544415473938
473, 0, 289, 140.70432829856873
474, 0, 506, 141.00150394439697
475, 0, 350, 141.2965497970581
476, 0, 457, 141.64635610580444
477, 0, 643, 141.96934962272644
478, 0, 413, 142.28732252120972
479, 0, 302, 142.60071992874146
480, 0, 268, 142.88723921775818
481, 0, 357, 143.19181203842163
482, 0, 190, 143.46503281593323
483, 0, 281, 143.75836515426636
484, 0, 1015, 144.09535002708435
485, 0, 207, 144.37393712997437
486, 0, 394, 144.66663885116577
487, 0, 534, 145.0400550365448
488, 0, 818, 145.40930676460266
489, 0, 982, 145.74226236343384
490, 0, 317, 146.04434251785278
491, 0, 235, 146.33515548706055
492, 0, 294, 146.61421847343445
493, 0, 224, 146.90381360054016
494, 0, 169, 147.19084334373474
495, 0, 164, 147.49490976333618
496, 0, 243, 147.80632042884827
497, 0, 209, 148.07906007766724
498, 0, 572, 148.4606807231903
499, 0, 294, 148.73930430412292
500, 0, 149, 149.93892073631287
501, 0, 407, 150.2976541519165
502, 0, 653, 150.74985718727112
503, 0, 263, 151.07736039161682
504, 0, 400, 151.3732545375824
505, 0, 909, 151.834881067276
506, 0, 904, 152.22430086135864
507, 0, 323, 152.58549880981445
508, 0, 528, 152.87320852279663
509, 0, 597, 153.19669246673584
510, 0, 193, 153.46750140190125
511, 0, 325, 153.87313151359558
512, 0, 320, 154.17253255844116
513, 0, 461, 154.47155809402466
514, 0, 536, 154.76731753349304
515, 0, 395, 155.08228278160095
516, 0, 366, 155.38077020645142
517, 0, 157, 155.71418499946594
518, 0, 360, 156.04541420936584
519, 0, 583, 156.35290813446045
520, 0, 324, 156.69715309143066
521, 0, 697, 156.99841380119324
522, 0, 254, 157.27815914154053
523, 0, 379, 157.60210371017456
524, 0, 170, 157.88307547569275
525, 0, 141, 158.1880168914795
526, 0, 489, 158.5343883037567
527, 0, 823, 158.84936785697937
528, 0, 608, 159.2328498363495
529, 0, 608, 159.53542494773865
530, 0, 155, 159.81125688552856
531, 0, 972, 160.1186168193817
532, 0, 386, 160.47632384300232
533, 0, 239, 160.76589703559875
534, 0, 312, 161.16852974891663
535, 0, 961, 161.50863933563232
536, 0, 189, 161.80488085746765
537, 0, 289, 162.11084389686584
538, 0, 808, 162.48355627059937
539, 0, 251, 162.77597641944885
540, 0, 727, 163.14249515533447
541, 0, 229, 163.53500628471375
542, 0, 278, 163.8393862247467
543, 0, 189, 164.10587000846863
544, 0, 732, 164.4315845966339
545, 0, 143, 164.70846843719482
546, 0, 485, 164.99488496780396
547, 0, 410, 165.29184365272522
548, 0, 407, 165.66418075561523
549, 0, 205, 165.9360032081604
550, 0, 595, 166.25324869155884
551, 0, 435, 166.61394500732422
552, 0, 1301, 166.9845769405365
553, 0, 705, 167.2994613647461
554, 0, 502, 167.62282967567444
555, 0, 591, 167.93414568901062
556, 0, 586, 168.2422080039978
557, 0, 962, 168.5490231513977
558, 0, 246, 168.83915209770203
559, 0, 1998, 169.33339285850525
560, 0, 310, 169.70090532302856
561, 0, 511, 170.14627861976624
562, 0, 247, 170.53504538536072
563, 0, 723, 170.9246437549591
564, 0, 939, 171.33049082756042
565, 0, 603, 171.69046187400818
566, 0, 582, 172.09184169769287
567, 0, 608, 172.47900199890137
568, 0, 569, 172.79785108566284
569, 0, 397, 173.10010647773743
570, 0, 1822, 173.58608722686768
571, 0, 228, 173.93811511993408
572, 0, 708, 174.3949475288391
573, 0, 249, 174.7178692817688
574, 0, 728, 175.12710785865784
575, 0, 719, 175.58511066436768
576, 0, 515, 176.00256967544556
577, 0, 165, 176.28960847854614
578, 0, 870, 176.6681251525879
579, 0, 351, 176.97644805908203
580, 0, 507, 177.25737309455872
581, 0, 782, 177.58855533599854
582, 0, 197, 177.93716025352478
583, 0, 140, 178.20776534080505
584, 0, 549, 178.53844666481018
585, 0, 276, 178.8327124118805
586, 0, 555, 179.14079976081848
587, 0, 365, 179.44101810455322
588, 0, 325, 179.80036282539368
589, 0, 1588, 180.36860990524292
590, 0, 446, 180.7607774734497
591, 0, 353, 181.08588337898254
592, 0, 1167, 181.72111892700195
593, 0, 256, 182.0782310962677
594, 0, 247, 182.37919425964355
595, 0, 474, 182.67088770866394
596, 0, 809, 183.00524401664734
597, 0, 303, 183.29065442085266
598, 0, 705, 183.69388842582703
599, 0, 339, 184.03482031822205
600, 0, 144, 185.1547770500183
601, 0, 227, 185.5992875099182
602, 0, 368, 185.9955117702484
603, 0, 0, 186.55553340911865
604, 0, 187, 186.9058427810669
605, 0, 533, 187.22535228729248
606, 0, 465, 187.5521330833435
607, 0, 216, 187.85565090179443
608, 0, 219, 188.21417260169983
609, 0, 1166, 188.59383249282837
610, 0, 422, 188.9603283405304
611, 0, 301, 189.28391289710999
612, 0, 342, 189.5907599925995
613, 0, 960, 189.9706609249115
614, 0, 201, 190.31031250953674
615, 0, 212, 190.61721563339233
616, 0, 366, 190.94583225250244
617, 0, 550, 191.38266849517822
618, 0, 465, 191.7180404663086
619, 0, 255, 192.06392312049866
620, 0, 673, 192.36782813072205
621, 0, -53, 192.7888958454132
622, 0, 788, 193.1367039680481
623, 0, 595, 193.4398307800293
624, 0, 482, 193.75235223770142
625, 0, 1494, 194.30862259864807
626, 0, 385, 194.6622347831726
627, 0, 333, 194.97199082374573
628, 0, 425, 195.39019346237183
629, 0, 264, 195.7279770374298
630, 0, 1142, 196.32426142692566
631, 0, 589, 196.6983871459961
632, 0, 1265, 197.28043341636658
633, 0, 465, 197.63930130004883
634, 0, 166, 197.91269278526306
635, 0, 302, 198.19635558128357
636, 0, 675, 198.50050473213196
637, 0, 734, 198.94269609451294
638, 0, 1645, 199.45223593711853
639, 0, 236, 199.8031530380249
640, 0, 609, 200.14601230621338
641, 0, 827, 200.48239636421204
642, 0, 894, 201.05509161949158
643, 0, 268, 201.3954029083252
644, 0, 412, 201.67364811897278
645, 0, 249, 201.94337725639343
646, 0, 383, 202.31186819076538
647, 0, 476, 202.59707641601562
648, 0, 622, 202.91965532302856
649, 0, 1252, 203.2882091999054
650, 0, 157, 203.58074307441711
651, 0, -9, 204.1130301952362
652, 0, -89, 204.69129943847656
653, 0, 268, 205.0162434577942
654, 0, 310, 205.3014907836914
655, 0, 709, 205.6299729347229
656, 0, 1204, 206.0612690448761
657, 0, 587, 206.4176902770996
658, 0, 626, 206.71879386901855
659, 0, 167, 206.9983127117157
660, 0, 55, 207.29761338233948
661, 0, 119, 207.57986092567444
662, 0, 1061, 207.93070769309998
663, 0, 139, 208.28598356246948
664, 0, 750, 208.63207626342773
665, 0, 398, 209.0081081390381
666, 0, 479, 209.31525921821594
667, 0, 617, 209.62796688079834
668, 0, 627, 209.99049854278564
669, 0, 182, 210.2757225036621
670, 0, 76, 210.61546063423157
671, 0, 303, 210.8988118171692
672, 0, 326, 211.1702365875244
673, 0, 803, 211.55035972595215
674, 0, 202, 211.86029481887817
675, 0, 834, 212.22794795036316
676, 0, 317, 212.5045051574707
677, 0, 973, 212.9132182598114
678, 0, 165, 213.20773243904114
679, 0, 159, 213.49431204795837
680, 0, 430, 213.9134168624878
681, 0, 435, 214.26818013191223
682, 0, 1149, 214.6602234840393
683, 0, -168, 215.16017174720764
684, 0, 353, 215.47332668304443
685, 0, 556, 215.8236644268036
686, 0, 735, 216.14607954025269
687, 0, 367, 216.4554464817047
688, 0, 182, 216.73100399971008
689, 0, 362, 217.09074354171753
690, 0, 398, 217.37472772598267
691, 0, 147, 217.66699528694153
692, 0, 554, 218.10882687568665
693, 0, 259, 218.47024416923523
694, 0, 768, 218.850604057312
695, 0, 669, 219.20676398277283
696, 0, 873, 219.68153738975525
697, 0, 293, 220.0409128665924
698, 0, 381, 220.34357857704163
699, 0, 700, 220.75631403923035
700, 0, 1138, 223.37168407440186
701, 0, 492, 223.73134398460388
702, 0, 349, 224.04848432540894
703, 0, 781, 224.43637585639954
704, 0, 1309, 225.02623891830444
705, 0, 196, 225.36601853370667
706, 0, 184, 225.63798475265503
707, 0, 349, 225.95731735229492
708, 0, 660, 226.31531476974487
709, 0, 1777, 226.93473362922668
710, 0, 285, 227.35094666481018
711, 0, 543, 227.67926049232483
712, 0, 271, 228.0212004184723
713, 0, 277, 228.32975268363953
714, 0, 442, 228.6221034526825
715, 0, 404, 228.91942596435547
716, 0, 214, 229.18607187271118
717, 0, 256, 229.45321607589722
718, 0, 424, 229.73697423934937
719, 0, 407, 230.09406042099
720, 0, 569, 230.41495370864868
721, 0, 500, 230.83295011520386
722, 0, 576, 231.20112323760986
723, 0, 227, 231.47849082946777
724, 0, 146, 231.72988891601562
725, 0, 725, 232.04189944267273
726, 0, 800, 232.3945415019989
727, 0, 782, 232.74116015434265
728, 0, 781, 233.07181358337402
729, 0, 401, 233.44082808494568
730, 0, 644, 233.82332372665405
731, 0, 455, 234.1433229446411
732, 0, 457, 234.5057692527771
733, 0, 406, 234.79756808280945
734, 0, 561, 235.07277178764343
735, 0, 646, 235.43084168434143
736, 0, 159, 235.87221479415894
737, 0, 527, 236.21284222602844
738, 0, 426, 236.58249139785767
739, 0, 389, 236.8613691329956
740, 0, 355, 237.13755226135254
741, 0, 315, 237.42684960365295
742, 0, 357, 237.7457253932953
743, 0, 447, 238.0455720424652
744, 0, 1232, 238.57836604118347
745, 0, 1007, 238.99762558937073
746, 0, 1328, 239.49409294128418
747, 0, 467, 239.8895709514618
748, 0, 145, 240.26765894889832
749, 0, 618, 240.63709831237793
750, 0, 1146, 241.02150964736938
751, 0, 406, 241.37542629241943
752, 0, 299, 241.79695868492126
753, 0, 428, 242.12545680999756
754, 0, 465, 242.41261458396912
755, 0, 404, 242.85453486442566
756, 0, 465, 243.15675592422485
757, 0, 953, 243.46860218048096
758, 0, 205, 243.75263357162476
759, 0, 442, 244.10923218727112
760, 0, 1460, 244.6237051486969
761, 0, 516, 245.01402592658997
762, 0, 104, 245.31972074508667
763, 0, 884, 245.78208017349243
764, 0, 991, 246.23123836517334
765, 0, 166, 246.53072428703308
766, 0, 592, 246.88277673721313
767, 0, 634, 247.1931929588318
768, 0, 169, 247.47942662239075
769, 0, 300, 247.77318239212036
770, 0, 1502, 248.3764932155609
771, 0, 469, 248.79242658615112
772, 0, 730, 249.17305994033813
773, 0, 149, 249.46586537361145
774, 0, 1024, 249.86817622184753
775, 0, 125, 250.34832739830017
776, 0, 352, 250.6854190826416
777, 0, 1225, 251.04127597808838
778, 0, 336, 251.4228880405426
779, 0, 900, 251.93413972854614
780, 0, 408, 252.30764842033386
781, 0, 1581, 252.95605087280273
782, 0, 282, 253.31859636306763
783, 0, 1162, 253.83803391456604
784, 0, 818, 254.38096690177917
785, 0, 1300, 254.96940112113953
786, 0, 337, 255.41157364845276
787, 0, 425, 255.89068937301636
788, 0, 513, 256.2207396030426
789, 0, 697, 256.7114152908325
790, 0, 465, 257.07747411727905
791, 0, 213, 257.38689255714417
792, 0, 1855, 257.9321713447571
793, 0, 256, 258.2931578159332
794, 0, -55, 258.7662284374237
795, 0, 244, 259.1093075275421
796, 0, 816, 259.44379115104675
797, 0, 310, 259.7211570739746
798, 0, 277, 260.00683784484863
799, 0, 228, 260.27646136283875
800, 0, 157, 261.5591127872467
801, 0, 156, 261.8981873989105
802, 0, 349, 262.19124579429626
803, 0, 136, 262.4582931995392
804, 0, 743, 262.8843231201172
805, 0, 298, 263.23266887664795
806, 0, 660, 263.5517065525055
807, 0, 607, 263.9047739505768
808, 0, 274, 264.21875
809, 0, 820, 264.76512336730957
810, 0, 570, 265.29011249542236
811, 0, 82, 265.67671298980713
812, 0, 523, 266.0382766723633
813, 0, -13, 266.70932960510254
814, 0, 179, 267.04720067977905
815, 0, 862, 267.3981330394745
816, 0, 353, 267.69723749160767
817, 0, 361, 268.3024010658264
818, 0, 695, 268.82146692276
819, 0, 624, 269.1892738342285
820, 0, 198, 269.4874391555786
821, 0, 717, 269.8370690345764
822, 0, 21, 270.12164759635925
823, 0, 406, 270.3887221813202
824, 0, 1702, 270.7789258956909
825, 0, 865, 271.28423023223877
826, 0, 97, 271.59618043899536
827, 0, 782, 271.93513083457947
828, 0, 856, 272.2882966995239
829, 0, 547, 272.56834053993225
830, 0, 260, 272.94117188453674
831, 0, 317, 273.27247405052185
832, 0, 284, 273.53371262550354
833, 0, 561, 273.8402507305145
834, 0, 269, 274.12411546707153
835, 0, 893, 274.50592041015625
836, 0, 997, 274.84956455230713
837, 0, 538, 275.21413803100586
838, 0, 647, 275.67089009284973
839, 0, 199, 276.01587533950806
840, 0, 20, 276.32186794281006
841, 0, 446, 276.93206000328064
842, 0, 427, 277.2909502983093
843, 0, 552, 277.622727394104
844, 0, 694, 277.9640271663666
845, 0, 173, 278.2262761592865
846, 0, 799, 278.5133845806122
847, 0, 279, 278.78735995292664
848, 0, 1114, 279.2509653568268
849, 0, 866, 279.74857211112976
850, 0, 293, 280.118173122406
851, 0, 600, 280.4279670715332
852, 0, 774, 280.82251739501953
853, 0, 152, 281.1085546016693
854, 0, 451, 281.37586092948914
855, 0, 595, 281.6890048980713
856, 0, 788, 282.00087881088257
857, 0, 243, 282.32120156288147
858, 0, 446, 282.61102175712585
859, 0, 590, 283.103613615036
860, 0, 1279, 283.71708130836487
861, 0, 208, 284.0883934497833
862, 0, 909, 284.52625846862793
863, 0, 710, 284.87677097320557
864, 0, 3361, 285.7667398452759
865, 0, 2578, 286.424254655838
866, 0, 209, 286.8049807548523
867, 0, 821, 287.30865025520325
868, 0, 2886, 287.9271991252899
869, 0, 611, 288.3414053916931
870, 0, 476, 288.7176570892334
871, 0, 1031, 289.13760209083557
872, 0, 613, 289.4745388031006
873, 0, 1212, 289.9463143348694
874, 0, 165, 290.25860571861267
875, 0, 665, 290.6307077407837
876, 0, 258, 290.9389190673828
877, 0, 294, 291.2326226234436
878, 0, 349, 291.52214097976685
879, 0, 467, 291.8126916885376
880, 0, 867, 292.14951491355896
881, 0, 269, 292.50607991218567
882, 0, 374, 292.8460760116577
883, 0, 7, 293.5480341911316
884, 0, 2442, 294.4376907348633
885, 0, 165, 294.8464596271515
886, 0, 1029, 295.654257774353
887, 0, 770, 296.0711214542389
888, 0, 408, 296.3776409626007
889, 0, 405, 296.7534399032593
890, 0, 1254, 297.40004682540894
891, 0, 181, 297.909423828125
892, 0, 121, 298.23955941200256
893, 0, 135, 298.51481556892395
894, 0, 965, 299.02327132225037
895, 0, 1269, 299.543753862381
896, 0, 833, 300.0543441772461
897, 0, 281, 300.46681118011475
898, 0, 1910, 301.10429334640503
899, 0, 439, 301.46022772789
900, 0, 534, 305.91303300857544
901, 0, 519, 306.3097734451294
902, 0, 1411, 307.0255272388458
903, 0, 1340, 307.567485332489
904, 0, 1035, 307.91870856285095
905, 0, 469, 308.6884512901306
906, 0, 514, 309.09296584129333
907, 0, 622, 309.4899888038635
908, 0, 792, 310.0019545555115
909, 0, 1006, 310.72138118743896
910, 0, 449, 311.11763215065
911, 0, 876, 311.7845649719238
912, 0, 195, 312.1639335155487
913, 0, 82, 312.5062303543091
914, 0, 1605, 312.92305874824524
915, 0, 390, 313.2997589111328
916, 0, 1662, 313.7257103919983
917, 0, 545, 314.15155577659607
918, 0, 1017, 314.58006477355957
919, 0, 688, 314.9194920063019
920, 0, 788, 315.3599271774292
921, 0, 550, 315.72285771369934
922, 0, 783, 316.20355916023254
923, 0, 217, 316.6061100959778
924, 0, 275, 316.96469950675964
925, 0, 2275, 317.78844380378723
926, 0, 728, 318.220831155777
927, 0, 775, 318.638023853302
928, 0, 56, 318.9978098869324
929, 0, 302, 319.2881829738617
930, 0, 244, 319.5662763118744
931, 0, 185, 320.11897325515747
932, 0, 274, 320.5909035205841
933, 0, 1302, 320.9451971054077
934, 0, 711, 321.2762849330902
935, 0, 568, 321.62576603889465
936, 0, 325, 321.9585163593292
937, 0, 1699, 322.6729953289032
938, 0, 212, 323.21850967407227
939, 0, 842, 323.6322913169861
940, 0, 517, 324.0243113040924
941, 0, 821, 324.34410786628723
942, 0, 670, 324.6674406528473
943, 0, 213, 325.0458872318268
944, 0, 855, 325.7472035884857
945, 0, 1480, 326.44873309135437
946, 0, 704, 326.8978600502014
947, 0, 1387, 327.70855021476746
948, 0, 352, 328.1906247138977
949, 0, 1059, 328.55340552330017
950, 0, 314, 328.8563435077667
951, 0, 293, 329.1252703666687
952, 0, 942, 329.46418809890747
953, 0, 611, 329.94784808158875
954, 0, 1249, 330.52828431129456
955, 0, 143, 330.9246804714203
956, 0, 639, 331.7472176551819
957, 0, 468, 332.198575258255
958, 0, 1995, 332.9564859867096
959, 0, 914, 333.4162509441376
960, 0, 2144, 334.4946653842926
961, 0, 188, 335.0100407600403
962, 0, 83, 335.43346786499023
963, 0, 597, 335.9003632068634
964, 0, 103, 336.30094051361084
965, 0, 1009, 336.77007126808167
966, 0, 2779, 337.7910134792328
967, 0, 265, 338.4637849330902
968, 0, 2565, 339.2671597003937
969, 0, 1257, 339.7471148967743
970, 0, 1035, 340.16524052619934
971, 0, 1636, 341.0920321941376
972, 0, 899, 341.81834983825684
973, 0, 305, 342.15903210639954
974, 0, 444, 342.5050528049469
975, 0, 662, 342.91952085494995
976, 0, 1325, 343.35076451301575
977, 0, 1422, 344.27810525894165
978, 0, 2401, 345.21666836738586
979, 0, 514, 345.797837972641
980, 0, 425, 346.3642659187317
981, 0, 854, 347.07270073890686
982, 0, 698, 347.6957628726959
983, 0, 1173, 348.3169345855713
984, 0, 1571, 349.5845501422882
985, 0, 375, 350.2910497188568
986, 0, 1886, 351.39890694618225
987, 0, 1022, 352.11967301368713
988, 0, 1419, 352.91156578063965
989, 0, 2860, 354.254403591156
990, 0, 430, 355.0664076805115
991, 0, 1275, 356.3794493675232
992, 0, 2569, 357.72804951667786
993, 0, 1924, 359.0438747406006
994, 0, 330, 359.67699456214905
995, 0, 1332, 360.3760132789612
996, 0, 285, 360.9548501968384
997, 0, 509, 361.47533559799194
998, 0, 1644, 362.1678502559662
999, 0, 5129, 363.4829833507538
1000, 0, 2912, 378.04858207702637
1001, 0, 1019, 378.911901473999
1002, 0, 1585, 379.78814125061035
1003, 0, 969, 380.3604266643524
1004, 0, 2409, 381.49241065979004
1005, 0, 1354, 382.34743452072144
1006, 0, 2183, 383.4587197303772
1007, 0, 630, 384.06673860549927
1008, 0, 610, 384.6093225479126
1009, 0, 1441, 385.83621168136597
1010, 0, 939, 386.7246615886688
1011, 0, 453, 387.31368470191956
1012, 0, 2138, 387.99658203125
1013, 0, 2774, 389.2465476989746
1014, 0, 2708, 390.4721689224243
1015, 0, 314, 391.0647072792053
1016, 0, 2317, 391.9888334274292
1017, 0, 2625, 393.25209045410156
1018, 0, 232, 393.97967052459717
1019, 0, 1024, 394.70436120033264
1020, 0, 2450, 395.67957186698914
1021, 0, 1407, 396.9999153614044
1022, 0, 333, 397.67223620414734
1023, 0, 456, 398.14886140823364
1024, 0, 762, 398.6738886833191
1025, 0, 1117, 399.6020438671112
1026, 0, 2072, 400.53744077682495
1027, 0, 2880, 401.82969880104065
1028, 0, 1365, 402.74210810661316
1029, 0, 949, 403.31528759002686
1030, 0, 2382, 404.3768355846405
1031, 0, 1990, 405.38904643058777
1032, 0, 333, 406.0596661567688
1033, 0, 916, 406.68533658981323
1034, 0, 2327, 407.6329936981201
1035, 0, 1120, 408.2547059059143
1036, 0, 1682, 408.95836353302
1037, 0, 183, 409.4345803260803
1038, 0, 1218, 410.28541827201843
1039, 0, 127, 411.54116797447205
1040, 0, 1933, 412.4179491996765
1041, 0, 4018, 413.67957377433777
1042, 0, 622, 414.3998951911926
1043, 0, 806, 415.08739137649536
1044, 0, 392, 415.654705286026
1045, 0, 1393, 416.41098403930664
1046, 0, 493, 417.0304763317108
1047, 0, 482, 417.6924433708191
1048, 0, 1107, 418.3852324485779
1049, 0, 1329, 419.6257276535034
1050, 0, 950, 420.415678024292
1051, 0, 2326, 421.3873267173767
1052, 0, 320, 422.02745389938354
1053, 0, 2404, 422.7414767742157
1054, 0, 1480, 423.5690155029297
1055, 0, 1470, 424.4044966697693
1056, 0, 3234, 425.680472612381
1057, 0, 2397, 426.8062834739685
1058, 0, 3405, 427.97748470306396
1059, 0, 756, 428.6939356327057
1060, 0, 828, 429.54955434799194
1061, 0, 593, 430.3573739528656
1062, 0, 2113, 431.67898893356323
1063, 0, 2108, 432.8597536087036
1064, 0, 658, 433.533668756485
1065, 0, 3737, 434.8189904689789
1066, 0, 2447, 436.19626784324646
1067, 0, 2112, 437.14327597618103
1068, 0, 500, 437.737585067749
1069, 0, 2297, 438.93279480934143
1070, 0, 504, 439.62327790260315
1071, 0, 1037, 440.51222944259644
1072, 0, 1351, 441.77383279800415
1073, 0, 774, 442.53772163391113
1074, 0, 1632, 443.7871835231781
1075, 0, 846, 444.4783136844635
1076, 0, 4596, 445.6326334476471
1077, 0, 918, 446.9886198043823
1078, 0, 1520, 448.3392310142517
1079, 0, 2110, 449.5762321949005
1080, 0, 2651, 450.80883955955505
1081, 0, 1211, 451.6174600124359
1082, 0, 2466, 452.86985325813293
1083, 0, 3443, 454.25063467025757
1084, 0, 1309, 455.2222616672516
1085, 0, 1456, 456.033860206604
1086, 0, 678, 456.676949262619
1087, 0, 1830, 457.97315287590027
1088, 0, 4137, 459.3524532318115
1089, 0, 2806, 460.75593614578247
1090, 0, 5399, 462.2013385295868
1091, 0, 1167, 463.09236431121826
1092, 0, 5063, 464.37803316116333
1093, 0, 1240, 465.682986497879
1094, 0, 608, 466.62101554870605
1095, 0, 3385, 467.9276821613312
1096, 0, 2923, 469.327600479126
1097, 0, 3005, 470.7273163795471
1098, 0, 474, 471.5513229370117
1099, 0, 3847, 472.8595538139343
1100, 0, 1243, 485.32226967811584
1101, 0, 2241, 486.33827662467957
1102, 0, 40, 486.98895502090454
1103, 0, 1649, 487.98918986320496
1104, 0, 1316, 488.8404505252838
1105, 0, 2691, 490.01620626449585
1106, 0, 3645, 491.41087651252747
1107, 0, 1159, 492.3917188644409
1108, 0, 3130, 493.7050476074219
1109, 0, 1550, 494.77811336517334
1110, 0, 823, 495.46294045448303
1111, 0, 3162, 496.7170867919922
1112, 0, 2850, 498.15616965293884
1113, 0, 1251, 499.25577187538147
1114, 0, 1251, 500.11134123802185
1115, 0, 1220, 500.87824845314026
1116, 0, 2607, 502.20923113822937
1117, 0, 1009, 502.9849753379822
1118, 0, 3165, 504.2456316947937
1119, 0, 2348, 505.6841368675232
1120, 0, 2814, 506.98764753341675
1121, 0, 1060, 507.866797208786
1122, 0, 3395, 509.21076250076294
1123, 0, 2841, 510.60397958755493
1124, 0, 1461, 511.4748511314392
1125, 0, 3345, 512.8072729110718
1126, 0, 2815, 514.1553750038147
1127, 0, 3642, 515.5626587867737
1128, 0, 4417, 517.042778968811
1129, 0, 1498, 518.4530382156372
1130, 0, 2185, 519.5037453174591
1131, 0, 311, 520.1303551197052
1132, 0, 2148, 521.3723990917206
1133, 0, 3392, 522.7612407207489
1134, 0, 170, 523.4707405567169
1135, 0, 70, 523.9282710552216
1136, 0, 2307, 525.145026922226
1137, 0, 1596, 526.5361630916595
1138, 0, 1737, 527.5315983295441
1139, 0, 883, 528.259110212326
1140, 0, 3286, 529.5161247253418
1141, 0, 3860, 530.9593298435211
1142, 0, 3777, 532.3686850070953
1143, 0, 2365, 533.7690689563751
1144, 0, 2457, 535.240008354187
1145, 0, 3524, 536.6766047477722
1146, 0, 971, 537.8255944252014
1147, 0, 464, 538.529702425003
1148, 0, 4083, 539.7674841880798
1149, 0, 3743, 541.1516320705414
1150, 0, 5599, 542.6191282272339
1151, 0, 3360, 544.0218431949615
1152, 0, 2354, 545.4442582130432
1153, 0, 2439, 546.9305994510651
1154, 0, 5125, 548.3502583503723
1155, 0, 2093, 549.8247582912445
1156, 0, 1669, 551.1855227947235
1157, 0, 1624, 552.5797135829926
1158, 0, 3291, 554.0297627449036
1159, 0, 970, 554.9445474147797
1160, 0, 2933, 556.1695332527161
1161, 0, 2622, 557.2320640087128
1162, 0, 2475, 558.487555027008
1163, 0, 1185, 559.2870588302612
1164, 0, 3510, 560.6092171669006
1165, 0, 3581, 562.0134484767914
1166, 0, 5153, 563.4274315834045
1167, 0, 2207, 564.8909511566162
1168, 0, 4501, 566.3282814025879
1169, 0, 4244, 567.6666984558105
1170, 0, 4232, 569.1218421459198
1171, 0, 2303, 570.3684678077698
1172, 0, 3311, 571.7562034130096
1173, 0, 3672, 573.2206029891968
1174, 0, 1942, 574.3170895576477
1175, 0, 1547, 575.1870856285095
1176, 0, 835, 575.9876115322113
1177, 0, 902, 577.0085456371307
1178, 0, 518, 577.6582505702972
1179, 0, 2086, 578.9663074016571
1180, 0, 2650, 580.3631296157837
1181, 0, 2566, 581.6644518375397
1182, 0, 3869, 583.1072521209717
1183, 0, 991, 583.8919608592987
1184, 0, 4270, 585.184671163559
1185, 0, 2434, 586.6452915668488
1186, 0, 5141, 588.0810883045197
1187, 0, 3742, 589.4975771903992
1188, 0, 3092, 590.9881100654602
1189, 0, 2720, 592.4036765098572
1190, 0, 3618, 593.8223493099213
1191, 0, 3439, 595.2915875911713
1192, 0, 4502, 596.7192206382751
1193, 0, 5535, 598.1911730766296
1194, 0, 2591, 599.6089112758636
1195, 0, 4131, 601.02996301651
1196, 0, 3236, 602.4921140670776
1197, 0, 4266, 603.909530878067
1198, 0, 3908, 605.332302570343
1199, 0, 3440, 606.8108553886414
1200, 0, 4296, 625.0992920398712
1201, 0, 3780, 626.6148734092712
1202, 0, 4024, 628.1121978759766
1203, 0, 1272, 629.2478723526001
1204, 0, 2820, 630.5980558395386
1205, 0, 2389, 632.0690593719482
1206, 0, 2563, 633.4948127269745
1207, 0, 5889, 634.9470229148865
1208, 0, 4168, 636.3731374740601
1209, 0, 3986, 637.7848334312439
1210, 0, 4170, 639.2373390197754
1211, 0, 4532, 640.6512935161591
1212, 0, 3401, 642.0609843730927
1213, 0, 4854, 643.5208568572998
1214, 0, 4116, 644.9386446475983
1215, 0, 3676, 646.3650913238525
1216, 0, 1281, 647.4055821895599
1217, 0, 3722, 648.7253160476685
1218, 0, 2460, 649.6955287456512
1219, 0, 2947, 651.0622432231903
1220, 0, 4304, 652.4726569652557
1221, 0, 162, 653.1175453662872
1222, 0, 1072, 653.9876053333282
1223, 0, 1450, 654.7972211837769
1224, 0, 4330, 656.0857787132263
1225, 0, 6418, 657.5301601886749
1226, 0, 3926, 658.9233267307281
1227, 0, 2800, 660.3230948448181
1228, 0, 2213, 661.7919900417328
1229, 0, 3049, 663.1948246955872
1230, 0, 3451, 664.5998339653015
1231, 0, 5119, 666.0628876686096
1232, 0, 1085, 666.799530506134
1233, 0, 4364, 668.0502827167511
1234, 0, 2311, 669.4984798431396
1235, 0, 2891, 670.8928081989288
1236, 0, 3394, 672.2914392948151
1237, 0, 2897, 673.755348443985
1238, 0, 3094, 675.1637699604034
1239, 0, 4962, 676.6311872005463
1240, 0, 3282, 678.0279498100281
1241, 0, 4612, 679.4349627494812
1242, 0, 2637, 680.883466720581
1243, 0, 3128, 682.2930588722229
1244, 0, 3114, 683.6943938732147
1245, 0, 4776, 685.1509890556335
1246, 0, 4398, 686.5589957237244
1247, 0, 4638, 687.9717855453491
1248, 0, 3182, 689.4423904418945
1249, 0, 2163, 690.8561413288116
1250, 0, 4982, 692.3029716014862
1251, 0, 5217, 693.7045018672943
1252, 0, 4343, 695.1019988059998
1253, 0, 5263, 696.5642826557159
1254, 0, 2901, 697.965101480484
1255, 0, 3566, 699.3699233531952
1256, 0, 3646, 700.837605714798
1257, 0, 4133, 702.248028755188
1258, 0, 3712, 703.6496758460999
1259, 0, 5551, 705.1028978824615
1260, 0, 5465, 706.515741109848
1261, 0, 5210, 707.9761047363281
1262, 0, 4650, 709.3784401416779
1263, 0, 3957, 710.7921078205109
1264, 0, 5016, 712.2439091205597
1265, 0, 5477, 713.6410992145538
1266, 0, 3289, 715.041951417923
1267, 0, 4702, 716.4969971179962
1268, 0, 3998, 717.89208817482
1269, 0, 5114, 719.2933638095856
1270, 0, 4685, 720.7405605316162
1271, 0, 3166, 722.1368653774261
1272, 0, 3965, 723.582457780838
1273, 0, 3536, 724.978405714035
1274, 0, 4614, 726.3926486968994
1275, 0, 5417, 727.8412010669708
1276, 0, 5313, 729.2656133174896
1277, 0, 3994, 730.6792943477631
1278, 0, 4442, 732.1366124153137
1279, 0, 4918, 733.5318133831024
1280, 0, 3894, 734.9364733695984
1281, 0, 2550, 736.4118068218231
1282, 0, 5195, 737.8139309883118
1283, 0, 3250, 739.2674069404602
1284, 0, 5194, 740.666223526001
1285, 0, 2552, 741.8480539321899
1286, 0, 5464, 743.2455174922943
1287, 0, 3455, 744.6525874137878
1288, 0, 6068, 746.0584547519684
1289, 0, 4420, 747.5299415588379
1290, 0, 5466, 748.9285924434662
1291, 0, 4298, 750.3286874294281
1292, 0, 5897, 751.780611038208
1293, 0, 4953, 753.1799397468567
1294, 0, 3384, 754.6408610343933
1295, 0, 6098, 756.0436556339264
1296, 0, 3457, 757.4513828754425
1297, 0, 5020, 758.8912150859833
1298, 0, 7080, 760.2899603843689
1299, 0, 5713, 761.6984181404114
1300, 0, 6004, 779.8694853782654
1301, 0, 2828, 781.4204044342041
1302, 0, 3894, 782.9280240535736
1303, 0, 5316, 784.4407045841217
1304, 0, 4303, 785.8916568756104
1305, 0, 3546, 787.3940141201019
1306, 0, 4076, 788.8352136611938
1307, 0, 4530, 790.3012900352478
1308, 0, 3340, 791.8134243488312
1309, 0, 5595, 793.2785611152649
1310, 0, 2268, 794.7098784446716
1311, 0, 2920, 796.2705597877502
1311, 0, 5595, 798.2705597877502
1312, 0, 5595, 800.0
